# begin reportfile
# hostname: rotini
# begin parameters
rDebug=0
seed=1329346914554
stopT=100
sizeX=100
sizeY=100
activationOrder=0
bestWinsProb=0.9
diffusionK=0.9
evapRate=1.0
exogRate=0.3
initialAgentsFileName=
initialParametersFileName=
initialSteps=100
numAnts=60
numFoods=3
outputDirName=./
pherReportFrequency=9999999
pherReportFileName=
probDieCenterMean=0.0
probDieCenterMutSD=0.0
probDieCenterSD=0.0
probRandMoveMean=0.0
probRandMoveMutSD=0.0
probRandMoveSD=0.0
reportFrequency=1
reportFileName=report
runNumber=0
randomMoveMethod=0
saveRunEndState=0
tournamentSize=2
# end parameters
#                                    Win10   
#       Num   Num  avg    AveDist   AveDist    Avg      Avg
# time  Ants  Die  AntX   toSource  toSource  RandMov  PrDieC
    0    60     0  48.68  38.380   38.380     0.00     0.00
    1    60     0  48.80  38.058   38.300     0.00     0.00
# hostname: rotini
# end report file
.192     0.00     0.00
    3    60     0  52.22  37.656   38.103     0.00     0.00
    4    60     0  48.97  37.465   38.011     0.00     0.00
    5    60     0  48.87  37.202   37.910     0.00     0.00
    6    60     0  48.83  36.983   37.807     0.00     0.00
    7    60     0  48.80  36.758   37.702     0.00     0.00
    8    60     0  48.67  36.698   37.534     0.00     0.00
    9    60     0  50.30  36.422   37.338     0.00     0.00
   10    60     0  48.57  36.323   37.133     0.00     0.00
   11    60     0  50.07  36.234   36.950     0.00     0.00
   12    60     0  46.98  36.173   36.791     0.00     0.00
   13    60     0  52.00  36.040   36.630     0.00     0.00
   14    60     0  50.40  35.945   36.478     0.00     0.00
   15    60     0  50.52  35.829   36.341     0.00     0.00
   16    60     0  50.62  35.769   36.219     0.00     0.00
   17    60     0  50.62  35.476   36.091     0.00     0.00
   18    60     0  50.68  35.444   35.966     0.00     0.00
   19    60     0  49.12  35.421   35.865     0.00     0.00
   20    60     0  50.77  35.238   35.757     0.00     0.00
   21    60     0  50.77  35.019   35.635     0.00     0.00
   22    60     0  49.15  35.057   35.524     0.00     0.00
   23    60     0  49.17  34.845   35.404     0.00     0.00
   24    60     0  49.13  34.728   35.283     0.00     0.00
   25    60     0  50.73  34.483   35.148     0.00     0.00
   26    60     0  49.08  34.444   35.016     0.00     0.00
   27    60     0  47.40  34.265   34.895     0.00     0.00
   28    60     0  47.38  34.137   34.764     0.00     0.00
   29    60     0  47.37  34.021   34.624     0.00     0.00
   30    60     0  47.15  33.895   34.489     0.00     0.00
   31    60     0  47.22  33.805   34.368     0.00     0.00
   32    60     0  47.18  33.800   34.242     0.00     0.00
   33    60     0  47.17  33.578   34.116     0.00     0.00
   34    60     0  47.30  33.438   33.987     0.00     0.00
   35    60     0  47.25  33.126   33.851     0.00     0.00
   36    60     0  47.42  33.153   33.722     0.00     0.00
   37    60     0  47.40  33.175   33.613     0.00     0.00
   38    60     0  47.58  33.084   33.507     0.00     0.00
   39    60     0  47.72  33.029   33.408     0.00     0.00
   40    60     0  47.72  32.808   33.300     0.00     0.00
   41    60     0  47.92  32.622   33.181     0.00     0.00
   42    60     0  47.93  32.630   33.064     0.00     0.00
   43    60     0  48.10  32.540   32.960     0.00     0.00
   44    60     0  48.05  32.503   32.867     0.00     0.00
   45    60     0  48.12  32.427   32.797     0.00     0.00
   46    60     0  48.08  32.375   32.719     0.00     0.00
   47    60     0  48.08  32.387   32.641     0.00     0.00
   48    60     0  48.33  32.162   32.548     0.00     0.00
   49    60     0  48.22  32.122   32.458     0.00     0.00
   50    60     0  48.13  31.989   32.376     0.00     0.00
   51    60     0  48.05  31.899   32.303     0.00     0.00
   52    60     0  48.02  31.825   32.223     0.00     0.00
   53    60     0  47.92  31.969   32.166     0.00     0.00
   54    60     0  47.88  32.152   32.131     0.00     0.00
   55    60     0  47.80  32.117   32.100     0.00     0.00
   56    60     0  47.65  32.171   32.079     0.00     0.00
   57    60     0  47.85  32.277   32.069     0.00     0.00
   58    60     0  47.90  32.305   32.083     0.00     0.00
   59    60     0  46.43  32.272   32.098     0.00     0.00
   60    60     0  48.05  32.482   32.147     0.00     0.00
   61    60     0  46.28  32.460   32.203     0.00     0.00
   62    60     0  47.78  32.240   32.245     0.00     0.00
   63    60     0  47.85  32.203   32.268     0.00     0.00
   64    60     0  47.90  32.282   32.281     0.00     0.00
   65    60     0  47.92  32.256   32.295     0.00     0.00
   66    60     0  48.07  32.312   32.309     0.00     0.00
   67    60     0  48.12  32.309   32.312     0.00     0.00
   68    60     0  46.48  32.286   32.310     0.00     0.00
   69    60     0  48.18  32.412   32.324     0.00     0.00
   70    60     0  48.18  32.298   32.306     0.00     0.00
   71    60     0  48.17  32.143   32.274     0.00     0.00
   72    60     0  46.50  32.171   32.267     0.00     0.00
   73    60     0  46.57  32.178   32.265     0.00     0.00
   74    60     0  46.70  32.125   32.249     0.00     0.00
   75    60     0  46.82  32.042   32.228     0.00     0.00
   76    60     0  46.77  31.997   32.196     0.00     0.00
   77    60     0  48.37  32.143   32.180     0.00     0.00
   78    60     0  48.35  31.998   32.151     0.00     0.00
   79    60     0  48.28  32.212   32.131     0.00     0.00
   80    60     0  48.43  31.979   32.099     0.00     0.00
   81    60     0  48.47  31.953   32.080     0.00     0.00
   82    60     0  48.23  31.979   32.061     0.00     0.00
   83    60     0  46.85  32.084   32.051     0.00     0.00
   84    60     0  44.97  32.129   32.052     0.00     0.00
   85    60     0  48.20  32.113   32.059     0.00     0.00
   86    60     0  48.00  32.129   32.072     0.00     0.00
   87    60     0  46.42  32.214   32.079     0.00     0.00
   88    60     0  46.42  32.130   32.092     0.00     0.00
   89    60     0  44.63  31.782   32.049     0.00     0.00
   90    60     0  46.28  31.825   32.034     0.00     0.00
   91    60     0  44.50  31.788   32.017     0.00     0.00
   92    60     0  44.53  31.670   31.987     0.00     0.00
   93    60     0  46.27  31.608   31.939     0.00     0.00
   94    60     0  44.55  31.421   31.868     0.00     0.00
   95    60     0  42.98  31.486   31.805     0.00     0.00
   96    60     0  46.38  31.313   31.724     0.00     0.00
   97    60     0  43.23  31.252   31.628     0.00     0.00
   98    60     0  44.88  31.078   31.522     0.00     0.00
   99    60     0  43.32  31.098   31.454     0.00     0.00
  100    60     0  43.30  31.084   31.380     0.00     0.00
  101    60     0  43.28  30.957   31.297     0.00     0.00
  102    60     0  43.08  30.962   31.226     0.00     0.00
  103    60     0  43.08  30.700   31.135     0.00     0.00
  104    60     0  43.18  30.792   31.072     0.00     0.00
  105    60     0  43.18  30.670   30.991     0.00     0.00
  106    60     0  43.28  30.691   30.928     0.00     0.00
  107    60     0  43.35  30.502   30.853     0.00     0.00
  108    60     0  43.42  30.452   30.791     0.00     0.00
  109    60     0  45.25  30.369   30.718     0.00     0.00
  110    60     0  45.18  30.191   30.628     0.00     0.00
  111    60     0  45.10  30.198   30.553     0.00     0.00
  112    60     0  45.13  30.047   30.461     0.00     0.00
  113    60     0  45.33  29.954   30.386     0.00     0.00
  114    60     0  45.28  29.917   30.299     0.00     0.00
  115    60     0  45.30  29.858   30.218     0.00     0.00
  116    60     0  45.52  29.780   30.127     0.00     0.00
  117    60     0  45.52  29.788   30.055     0.00     0.00
  118    60     0  45.63  29.878   29.998     0.00     0.00
  119    60     0  45.52  29.936   29.955     0.00     0.00
  120    60     0  45.57  29.713   29.907     0.00     0.00
  121    60     0  45.58  29.738   29.861     0.00     0.00
  122    60     0  45.48  29.722   29.828     0.00     0.00
  123    60     0  43.83  29.766   29.810     0.00     0.00
  124    60     0  43.88  29.719   29.790     0.00     0.00
  125    60     0  43.82  29.614   29.765     0.00     0.00
  126    60     0  43.92  29.486   29.736     0.00     0.00
  127    60     0  44.00  29.514   29.709     0.00     0.00
  128    60     0  44.00  29.407   29.662     0.00     0.00
  129    60     0  44.07  29.385   29.607     0.00     0.00
  130    60     0  43.95  29.338   29.569     0.00     0.00
  131    60     0  44.03  29.416   29.537     0.00     0.00
  132    60     0  44.02  29.617   29.526     0.00     0.00
  133    60     0  43.90  29.593   29.509     0.00     0.00
  134    60     0  44.02  29.542   29.491     0.00     0.00
  135    60     0  45.60  29.497   29.480     0.00     0.00
  136    60     0  45.82  29.401   29.471     0.00     0.00
  137    60     0  45.75  29.299   29.450     0.00     0.00
  138    60     0  45.72  29.366   29.445     0.00     0.00
  139    60     0  45.65  29.403   29.447     0.00     0.00
  140    60     0  45.65  29.397   29.453     0.00     0.00
  141    60     0  45.78  29.279   29.439     0.00     0.00
  142    60     0  45.70  29.122   29.390     0.00     0.00
  143    60     0  45.93  29.150   29.346     0.00     0.00
  144    60     0  46.00  29.084   29.300     0.00     0.00
  145    60     0  45.93  29.011   29.251     0.00     0.00
  146    60     0  45.80  29.006   29.212     0.00     0.00
  147    60     0  45.87  28.853   29.167     0.00     0.00
  148    60     0  46.00  28.735   29.104     0.00     0.00
  149    60     0  46.10  28.709   29.035     0.00     0.00
  150    60     0  45.95  28.647   28.960     0.00     0.00
  151    60     0  45.93  28.851   28.917     0.00     0.00
  152    60     0  46.00  28.927   28.897     0.00     0.00
  153    60     0  46.00  28.822   28.865     0.00     0.00
  154    60     0  45.90  28.713   28.828     0.00     0.00
  155    60     0  45.90  28.428   28.769     0.00     0.00
  156    60     0  44.45  28.355   28.704     0.00     0.00
  157    60     0  45.98  28.358   28.655     0.00     0.00
  158    60     0  45.90  28.323   28.613     0.00     0.00
  159    60     0  45.95  28.315   28.574     0.00     0.00
  160    60     0  46.00  28.418   28.551     0.00     0.00
  161    60     0  42.60  28.335   28.499     0.00     0.00
  162    60     0  45.90  28.290   28.436     0.00     0.00
  163    60     0  44.20  28.346   28.388     0.00     0.00
  164    60     0  44.08  28.193   28.336     0.00     0.00
  165    60     0  44.22  28.251   28.318     0.00     0.00
  166    60     0  44.13  28.260   28.309     0.00     0.00
  167    60     0  45.78  28.233   28.296     0.00     0.00
  168    60     0  45.67  28.116   28.276     0.00     0.00
  169    60     0  45.70  28.017   28.246     0.00     0.00
  170    60     0  45.63  28.066   28.211     0.00     0.00
  171    60     0  45.68  27.997   28.177     0.00     0.00
  172    60     0  45.55  27.886   28.137     0.00     0.00
  173    60     0  47.20  27.904   28.092     0.00     0.00
  174    60     0  47.00  27.739   28.047     0.00     0.00
  175    60     0  45.27  27.761   27.998     0.00     0.00
  176    60     0  46.98  27.744   27.946     0.00     0.00
  177    60     0  43.67  27.737   27.897     0.00     0.00
  178    60     0  47.02  27.640   27.849     0.00     0.00
  179    60     0  45.52  27.659   27.813     0.00     0.00
  180    60     0  45.62  27.628   27.769     0.00     0.00
  181    60     0  44.03  27.494   27.719     0.00     0.00
  182    60     0  44.10  27.370   27.668     0.00     0.00
  183    60     0  45.68  27.399   27.617     0.00     0.00
  184    60     0  45.50  27.545   27.598     0.00     0.00
  185    60     0  45.60  27.593   27.581     0.00     0.00
  186    60     0  45.62  27.517   27.558     0.00     0.00
  187    60     0  45.50  27.669   27.551     0.00     0.00
  188    60     0  45.57  27.681   27.555     0.00     0.00
  189    60     0  47.30  27.733   27.563     0.00     0.00
  190    60     0  47.45  27.597   27.560     0.00     0.00
  191    60     0  47.37  27.628   27.573     0.00     0.00
  192    60     0  45.85  27.673   27.603     0.00     0.00
  193    60     0  47.28  27.624   27.626     0.00     0.00
  194    60     0  47.22  27.664   27.638     0.00     0.00
  195    60     0  47.25  27.575   27.636     0.00     0.00
  196    60     0  45.52  27.451   27.630     0.00     0.00
  197    60     0  47.23  27.497   27.612     0.00     0.00
  198    60     0  47.20  27.499   27.594     0.00     0.00
  199    60     0  45.63  27.450   27.566     0.00     0.00
  200    60     0  45.62  27.452   27.551     0.00     0.00
  201    60     0  47.37  27.276   27.516     0.00     0.00
  202    60     0  49.02  27.136   27.463     0.00     0.00
  203    60     0  48.82  27.032   27.403     0.00     0.00
  204    60     0  48.70  27.034   27.340     0.00     0.00
  205    60     0  48.78  27.013   27.284     0.00     0.00
  206    60     0  48.77  26.896   27.229     0.00     0.00
  207    60     0  48.63  26.742   27.153     0.00     0.00
  208    60     0  47.05  26.742   27.077     0.00     0.00
  209    60     0  47.07  26.646   26.997     0.00     0.00
  210    60     0  46.95  26.707   26.923     0.00     0.00
  211    60     0  47.02  26.666   26.862     0.00     0.00
  212    60     0  48.70  26.573   26.805     0.00     0.00
  213    60     0  47.13  26.608   26.763     0.00     0.00
  214    60     0  47.20  26.515   26.711     0.00     0.00
  215    60     0  47.23  26.473   26.657     0.00     0.00
  216    60     0  47.27  26.306   26.598     0.00     0.00
  217    60     0  45.82  26.267   26.550     0.00     0.00
  218    60     0  47.40  26.152   26.491     0.00     0.00
  219    60     0  45.67  26.215   26.448     0.00     0.00
  220    60     0  47.48  25.964   26.374     0.00     0.00
  221    60     0  47.68  25.888   26.296     0.00     0.00
  222    60     0  47.75  25.625   26.201     0.00     0.00
  223    60     0  47.80  25.589   26.099     0.00     0.00
  224    60     0  47.87  25.455   25.993     0.00     0.00
  225    60     0  47.88  25.437   25.890     0.00     0.00
  226    60     0  47.75  25.287   25.788     0.00     0.00
  227    60     0  49.38  25.249   25.686     0.00     0.00
  228    60     0  49.32  25.204   25.591     0.00     0.00
  229    60     0  47.73  25.110   25.481     0.00     0.00
  230    60     0  47.83  25.133   25.398     0.00     0.00
  231    60     0  47.78  24.921   25.301     0.00     0.00
  232    60     0  47.78  24.910   25.230     0.00     0.00
  233    60     0  47.80  24.818   25.152     0.00     0.00
  234    60     0  49.55  24.768   25.084     0.00     0.00
  235    60     0  47.88  24.632   25.003     0.00     0.00
  236    60     0  48.02  24.597   24.934     0.00     0.00
  237    60     0  46.25  24.591   24.868     0.00     0.00
  238    60     0  46.37  24.533   24.801     0.00     0.00
  239    60     0  44.73  24.481   24.738     0.00     0.00
  240    60     0  46.58  24.496   24.675     0.00     0.00
  241    60     0  44.93  24.370   24.620     0.00     0.00
  242    60     0  44.93  24.250   24.554     0.00     0.00
  243    60     0  46.68  24.372   24.509     0.00     0.00
  244    60     0  45.07  24.206   24.453     0.00     0.00
  245    60     0  45.15  24.301   24.420     0.00     0.00
  246    60     0  45.08  24.146   24.375     0.00     0.00
  247    60     0  45.10  24.115   24.327     0.00     0.00
  248    60     0  45.18  24.100   24.284     0.00     0.00
  249    60     0  45.22  24.049   24.241     0.00     0.00
  250    60     0  45.18  24.016   24.192     0.00     0.00
  251    60     0  45.27  23.945   24.150     0.00     0.00
  252    60     0  45.25  23.867   24.112     0.00     0.00
  253    60     0  45.23  23.762   24.051     0.00     0.00
  254    60     0  45.20  23.804   24.010     0.00     0.00
  255    60     0  45.18  23.679   23.948     0.00     0.00
  256    60     0  45.37  23.859   23.920     0.00     0.00
  257    60     0  45.33  23.744   23.883     0.00     0.00
  258    60     0  45.23  23.843   23.857     0.00     0.00
  259    60     0  45.40  23.812   23.833     0.00     0.00
  260    60     0  45.32  23.743   23.806     0.00     0.00
  261    60     0  45.13  23.671   23.779     0.00     0.00
  262    60     0  45.02  23.642   23.756     0.00     0.00
  263    60     0  45.12  23.526   23.732     0.00     0.00
  264    60     0  43.35  23.500   23.702     0.00     0.00
  265    60     0  45.10  23.377   23.672     0.00     0.00
  266    60     0  45.12  23.351   23.621     0.00     0.00
  267    60     0  45.13  23.328   23.579     0.00     0.00
  268    60     0  45.18  23.183   23.513     0.00     0.00
  269    60     0  45.25  22.948   23.427     0.00     0.00
  270    60     0  45.17  22.894   23.342     0.00     0.00
  271    60     0  45.12  23.011   23.276     0.00     0.00
  272    60     0  45.05  23.034   23.215     0.00     0.00
  273    60     0  45.10  23.066   23.169     0.00     0.00
  274    60     0  45.03  23.015   23.121     0.00     0.00
  275    60     0  45.05  22.952   23.078     0.00     0.00
  276    60     0  45.13  22.775   23.021     0.00     0.00
  277    60     0  44.97  22.828   22.971     0.00     0.00
  278    60     0  44.90  22.736   22.926     0.00     0.00
  279    60     0  45.12  22.740   22.905     0.00     0.00
  280    60     0  45.25  22.689   22.885     0.00     0.00
  281    60     0  45.28  22.627   22.846     0.00     0.00
  282    60     0  45.43  22.775   22.820     0.00     0.00
  283    60     0  45.45  22.742   22.788     0.00     0.00
  284    60     0  45.43  22.727   22.759     0.00     0.00
  285    60     0  45.42  22.814   22.745     0.00     0.00
  286    60     0  45.33  22.929   22.761     0.00     0.00
  287    60     0  45.40  23.008   22.779     0.00     0.00
  288    60     0  43.85  22.858   22.791     0.00     0.00
  289    60     0  45.50  22.821   22.799     0.00     0.00
  290    60     0  43.93  22.759   22.806     0.00     0.00
  291    60     0  44.15  22.792   22.822     0.00     0.00
  292    60     0  43.95  22.844   22.829     0.00     0.00
  293    60     0  43.93  22.864   22.842     0.00     0.00
  294    60     0  43.90  22.940   22.863     0.00     0.00
  295    60     0  44.08  22.902   22.872     0.00     0.00
  296    60     0  44.25  22.810   22.860     0.00     0.00
  297    60     0  44.20  22.832   22.842     0.00     0.00
  298    60     0  44.18  22.852   22.842     0.00     0.00
  299    60     0  44.23  22.776   22.837     0.00     0.00
  300    60     0  44.28  22.856   22.847     0.00     0.00
  301    60     0  44.10  22.795   22.847     0.00     0.00
  302    60     0  45.80  22.796   22.842     0.00     0.00
  303    60     0  45.83  22.859   22.842     0.00     0.00
  304    60     0  45.65  22.931   22.841     0.00     0.00
  305    60     0  45.73  22.876   22.838     0.00     0.00
  306    60     0  47.35  22.756   22.833     0.00     0.00
  307    60     0  43.93  22.710   22.821     0.00     0.00
  308    60     0  44.10  22.772   22.813     0.00     0.00
  309    60     0  42.57  22.754   22.811     0.00     0.00
  310    60     0  44.25  22.758   22.801     0.00     0.00
  311    60     0  44.28  22.776   22.799     0.00     0.00
  312    60     0  44.33  22.566   22.776     0.00     0.00
  313    60     0  44.25  22.609   22.751     0.00     0.00
  314    60     0  44.28  22.780   22.736     0.00     0.00
  315    60     0  44.25  22.819   22.730     0.00     0.00
  316    60     0  44.22  22.857   22.740     0.00     0.00
  317    60     0  44.35  22.557   22.725     0.00     0.00
  318    60     0  44.33  22.553   22.703     0.00     0.00
  319    60     0  44.35  22.458   22.673     0.00     0.00
  320    60     0  44.38  22.371   22.635     0.00     0.00
  321    60     0  42.65  22.370   22.594     0.00     0.00
  322    60     0  42.73  22.267   22.564     0.00     0.00
  323    60     0  42.85  22.281   22.531     0.00     0.00
  324    60     0  42.92  22.328   22.486     0.00     0.00
  325    60     0  42.90  22.395   22.444     0.00     0.00
  326    60     0  42.75  22.457   22.404     0.00     0.00
  327    60     0  44.37  22.348   22.383     0.00     0.00
  328    60     0  44.48  22.383   22.366     0.00     0.00
  329    60     0  44.52  22.225   22.342     0.00     0.00
  330    60     0  42.73  22.259   22.331     0.00     0.00
  331    60     0  44.32  22.219   22.316     0.00     0.00
  332    60     0  44.25  22.151   22.304     0.00     0.00
  333    60     0  44.35  22.161   22.292     0.00     0.00
  334    60     0  44.42  22.080   22.268     0.00     0.00
  335    60     0  44.33  22.102   22.238     0.00     0.00
  336    60     0  44.15  22.038   22.197     0.00     0.00
  337    60     0  44.22  21.951   22.157     0.00     0.00
  338    60     0  45.93  21.877   22.106     0.00     0.00
  339    60     0  44.23  21.981   22.082     0.00     0.00
  340    60     0  45.72  22.016   22.058     0.00     0.00
  341    60     0  45.62  21.906   22.026     0.00     0.00
  342    60     0  45.58  22.013   22.013     0.00     0.00
  343    60     0  45.42  21.915   21.988     0.00     0.00
  344    60     0  45.47  21.979   21.978     0.00     0.00
  345    60     0  48.85  21.914   21.959     0.00     0.00
  346    60     0  47.15  22.009   21.956     0.00     0.00
  347    60     0  48.82  22.055   21.966     0.00     0.00
  348    60     0  47.08  22.207   21.999     0.00     0.00
  349    60     0  46.97  22.047   22.006     0.00     0.00
  350    60     0  45.32  22.089   22.013     0.00     0.00
  351    60     0  45.33  22.116   22.034     0.00     0.00
  352    60     0  45.38  22.107   22.044     0.00     0.00
  353    60     0  45.45  22.175   22.070     0.00     0.00
  354    60     0  47.15  22.150   22.087     0.00     0.00
  355    60     0  47.32  22.164   22.112     0.00     0.00
  356    60     0  47.45  22.151   22.126     0.00     0.00
  357    60     0  48.95  22.043   22.125     0.00     0.00
  358    60     0  48.92  21.929   22.097     0.00     0.00
  359    60     0  47.32  22.028   22.095     0.00     0.00
  360    60     0  49.00  21.924   22.079     0.00     0.00
  361    60     0  49.15  21.908   22.058     0.00     0.00
  362    60     0  49.02  21.863   22.033     0.00     0.00
  363    60     0  49.05  21.877   22.004     0.00     0.00
  364    60     0  48.93  21.917   21.980     0.00     0.00
  365    60     0  49.05  21.903   21.954     0.00     0.00
  366    60     0  50.68  21.868   21.926     0.00     0.00
  367    60     0  49.05  21.736   21.895     0.00     0.00
  368    60     0  50.45  21.668   21.869     0.00     0.00
  369    60     0  47.08  21.594   21.826     0.00     0.00
  370    60     0  48.78  21.454   21.779     0.00     0.00
  371    60     0  48.78  21.346   21.723     0.00     0.00
  372    60     0  47.17  21.359   21.672     0.00     0.00
  373    60     0  48.67  21.235   21.608     0.00     0.00
  374    60     0  48.55  21.127   21.529     0.00     0.00
  375    60     0  48.65  20.993   21.438     0.00     0.00
  376    60     0  46.87  20.943   21.345     0.00     0.00
  377    60     0  46.78  20.807   21.253     0.00     0.00
  378    60     0  46.52  20.792   21.165     0.00     0.00
  379    60     0  46.50  20.702   21.076     0.00     0.00
# hostname: rotini
# end report file
